99 69 59
84 55 37
137 27 54
227 213 229
153 164 192
159 160 165
165 158 148
253 254 255
194 189 186
186 172 146
179 154 132
96 98 95
136 153 108
69 103 138
4 6 1
88 72 57
113 84 78
96 105 104
199 211 211
116 95 78
178 162 64
174 167 175
194 198 207
147 131 118
73 40 33
219 229 231
82 68 41
236 217 37
253 156 85
111 79 68
98 80 68
60 71 137
234 239 207
197 80 60
174 138 78
168 187 123
42 68 85
183 210 219
50 12 25
127 119 96
212 177 119
53 38 31
73 59 48
140 151 108
246 255 255
47 182 142
58 84 99
204 190 151
68 108 177
20 19 17
213 218 224
19 10 11
89 64 42
66 42 30
33 19 8
36 42 51
183 198 203
94 45 30
205 191 204
206 118 140
