99 69 59
84 55 37
137 27 54
227 213 229
153 164 192
159 160 165
165 158 148
253 254 255
194 189 186
186 172 146
179 154 132
96 98 95
136 153 108
69 103 138
4 6 1
88 72 57
113 84 78
96 105 104
199 211 211
116 95 78
178 162 64
174 167 175
194 198 207
147 131 118
73 40 33
219 229 231
82 68 41
236 217 37
253 156 85
111 79 68
98 80 68
60 71 137
234 239 207
197 80 60
174 138 78
168 187 123
42 68 85
183 210 219
50 12 25
127 119 96
212 177 119
53 38 31
73 59 48
140 151 108
246 255 255
47 182 142
58 84 99
204 190 151
68 108 177
20 19 17
213 218 224
19 10 11
89 64 42
66 42 30
33 19 8
36 42 51
183 198 203
94 45 30
205 191 204
206 118 140
155 162 155
159 159 149
176 179 172
151 152 157
154 159 163
133 136 143
108 80 56
111 78 59
84 52 29
167 182 205
29 15 4
136 35 53
71 36 17
105 73 58
238 252 255
222 243 246
43 66 37
19 41 55
129 159 170
144 117 100
38 25 16
17 13 2
140 115 110
205 213 216
35 22 13
182 210 221
220 194 182
210 235 242
224 243 247
185 188 181
6 6 6
1 1 1
20 16 15
5 4 0
164 141 125
235 232 227
232 234 231
234 228 228
249 245 236
27 16 20
137 148 140
128 134 134
143 147 150
135 146 140
126 142 131
154 164 199
195 207 231
34 22 10
19 13 13
33 27 27
187 216 224
188 216 227
217 236 240
84 79 83
216 237 242
1 1 1
12 8 5
168 145 127
82 55 26
72 47 16
126 136 125
126 136 135
137 145 148
138 143 149
194 205 233
46 38 36
34 25 28
224 241 248
204 229 234
3 3 3
15 11 8
24 21 16
21 12 13
13 5 3
16 16 16
53 47 35
64 56 45
188 183 164
222 207 184
2 1  0
118 88 78
118 89 83
147 118 114
83 53 25
93 60 19
97 56 62
101 60 66
109 79 69
142 116 115
94 61 42
153 125 122
161 140 139
112 81 76
142 114 113
110 79 74