206 167 162
199 160 161
159 124 122
146 114 115
112 95 88
240 181 163
229 161 148
193 109 98
183 117 93
254 209 170
188 126 103
180 130 107
245 180 150
195 150 131
130 83 63
144 93 74
127 80 62
90 57 38
143 95 72
247 215 190
213 163 140
233 179 153
251 209 184
180 128 106
215 144 122
212 130 116
153 121 144
171 115 124
167 124 133
164 113 120
182 145 137
215 170 165
203 167 155
213 175 166
181 136 131
172 139 124
158 105 101
132 73 69
102 68 56
133 82 79
151 102 97
97 59 50
243 221 224
238 207 215
217 192 195
220 188 189
244 217 222
192 125 57
229 153 65
127 87 62
164 102 42
179 115 51
212 144 59
226 189 180
213 165 153
154 111 102
255 225 227
220 178 166
193 127 92
194 131 96