206 167 162
199 160 161
159 124 122
146 114 115
112 95 88
240 181 163
229 161 148
193 109 98
183 117 93
254 209 170
188 126 103
180 130 107
245 180 150
195 150 131
130 83 63
144 93 74
127 80 62
90 57 38
143 95 72
247 215 190
213 163 140
233 179 153
251 209 184
180 128 106
215 144 122
212 130 116
153 121 144
171 115 124
167 124 133
164 113 120
182 145 137
215 170 165
203 167 155
213 175 166
181 136 131
172 139 124
158 105 101
132 73 69
102 68 56
133 82 79
151 102 97
97 59 50
243 221 224
238 207 215
217 192 195
220 188 189
244 217 222
192 125 57
229 153 65
127 87 62
164 102 42
179 115 51
212 144 59
226 189 180
213 165 153
154 111 102
255 225 227
220 178 166
193 127 92
194 131 96
88 77 81
130 105 101
126 98 95
150 126 116
140 107 102
85 73 73
145 114 111
87 60 51
84 57 48
149 119 108
93 62 41
89 60 42
94 62 39
88 62 39
118 66 45
121 71 48
142 80 57
220 179 147
217 165 118
222 181 149
93 62 31
81 45 23
72 41 23
97 66 37
109 74 44
233 151 140
229 164 144
220 154 138
237 175 154
237 167 155
219 150 135
144 127 120
123 106 99
246 215 221
241 213 209
235 198 190
243 206 200
149 113 91
209 110 69
196 99 57
124 96 92
137 114 108
131 106 101
132 111 106
139 114 107
107 74 67
108 75 68
97 56 52
97 67 56
98 57 51
252 227 231
241 210 205
150 109 87
163 127 103
246 211 218
114 64 41
225 186 187
220 195 191
226 192 193
229 190 195
227 154 137
220 151 135
219 148 126
218 147 129
225 189 191
123 89 80
159 119 119
139 120 114
115 60 57
104 60 57
124 69 66
97 54 47
150 112 91
207 145 70
109 73 37
100 55 24
152 88 53
144 88 51
183 99 71
153 80 47
192 170 157
185 162 156
186 165 146
184 165 150
184 168 155
179 157 133
111 85 72
245 239 239
143 122 101
120 97 83
251 208 236
255 228 248
255 222 249
254 218 246
237 190 234
214 150 177
244 188 215
245 180 210
253 232 249
236 175 206
243 183 209
241 176 198
215 185 211
255 248 249
255 246 247
129 102 81
103 75 51
119 99 72
119 105 78
107 89 65
172 152 164
158 145 162
158 147 163
149 135 158
147 143 166
